[SETTINGS]
start	2
#scene list
[SCENES]
1	scene1.txt
2	scene2.txt
3 	scene3.txt
4	scene4.txt
5	scene5.txt
6	scene6.txt
[TEXTURES]
0	resources\simon.png	116	116	116
10	resources\Objects.png	116	116	116
20	resources\Brick2.png	0	0	0
30	resources\whip.png	255	0	255
[SPRITES]
#================= SIMON ================
#idle
50000	15	21	31	51	0
#walking 
50001	56	21	72	51	0
50002	100	20	112	51	0
50003	141	21	156	51	0
#jump 
50004	197	21 	213 	51	0
#sit 
50005	197	21 	213 	51	0
#attack
51001	14	78	32	108	0
51002	58	78	74	108	0
51003	105	78	120	108	0
#sit attack
52001	13	139	30	169	0
52002	57	139	74	169	0
52003	106	139	123	169	0
#go upstair
53001	169	78	184	109	0
53002	233	78	248	109	0
#stop upstair
53003	169	78	184	109	0
#go downstair
53011	172	138	188	169	0
53012	235	137	251	168	0
#stop downstair
53013	172	138	188	169	0
#attack upstair
54001	14	211	30	242	0
54002	60	208	76	239	0
54003	108	209	124	240	0
#attack downstair
54011	12	277	30	308	0
54012	58	276	77	307	0
54013	104	274	122	305	0
#change color
54014	437	21	453	51	0
54015	389	21	405	51	0
54016	352	21	368	51	0
#throw
54017	10	78	40	108	0
54018	51	78	73	108	0
54019	98	78	120	108	0
#deflect
55000	175	210	191	239	0
#================= WHIP ==================
#normal
30001	0	0	120	32	30
30002	120	0	240	32	30
30003	240	0	360	32	30
#short chain
31001	0	33	120	65	30
31002	120	33	240	65	30
31003	240	33	360	65	30
#long chain
32001	0	66	120	98	30
32002	120	66	240	98	30
32003	240	66	360	98	30
[ANIMATIONS]
#================= SIMON ================
#idle 
900	50000	100
#walking 
901	50001	100	50002	100	50003	100
#jump 
902	50004	100
#sit 
903	50005	100
#attack 
914	51001	100	51002	100	51003	100
#sit attack
915	52001	100	52002	100	52003	100
#go upstair
916	53001	100	53002	100
#stop upstair
917	53003	100
#go downstair
918	53011	100	53012	100
#stop downstair
919	53013	100
#attack upstair
920	54001	100	54002	100	54003	100
#attack downstair
921	54011	100	54012	100	54013	100
#deflect
922	55000	100
#change color
923	54014	100	54015	100	54016	100
#throw
924	54017	100	54018	100	54019	100
#================= WHIP ==================
#normal whip
300	30001	100	30002	100	30003	100
#short chain
310	31001	100	31002	100	31003	100
#long chain
320	32001	100	32002	100	32003	100
[ANIMATIONS_SETS]
# SIMON
0	900	901	902	903	914	915	916	917	918	919	920	921	922	923	924
# WHIP
3	300	310	320