[TILESHEET]
1	resources\tilesheet1.png	5	5	5
[SPRITES]
#================= CANDLE ================
#big
22001	175	1	191	33	10
22002	192	1	208	33	10
#effect
22005	455	123	467	163	0
22006	470	123	482	163	0
22007	485	123	497	163	0
#================= BRICK =================
20001	0	0	16	16	20
[ANIMATIONS]
#big
201	22001	150	22002	150
#destroyed
203	22005	100	22006	100	22007	100
[ANIMATIONS_SETS]
# BRICK 
1	601
# CANDLE
2	201	202	203
[OBJECTS]
# type	x	y	ani_set_id	extra_settings per object type
# type: 0 = Simon , 1 = Brick, 2 = Candle, 3= Whip, 4= Items_BigHeart, 5 = Items_Chain, 6 = Items_Dagger, 7 = Dagger

# SIMON
0	50	100	0

# CANDLE
#extra_settings = Item Object ID
2	100	112	2	4	0
2	210	112	2	5	0
2	330	112	2	5	0
2	450	112	2	4	0
2	570	112	2	6	0

# ITEMS
#BigHeart
4	100	136	41
#Chain
5	210	136	42
5	330	136	42
#Dagger
6	570	136	43

#DAGGER
7	46	100	43

# BRICK 
# --- platform (hint: I created the list using Excel!) ----
1	0	144	1	768	16

# WHIP
3	0	0	3

# --- SCENE PORTAL ----
# type	l	t	ani_set_id	r	b	scene_id
50	690	110	0	700	144	2

#collums	#rows	#map_width
[MAP_INFO]
11	13	752
[MAP]
0	0	1	2	1	2	1	2	1	2	1	2	0	0	0	0	0	0	1	2	1	2	1	2	3	4	5	4	0	0	0	0	0	0	0	0	0	0	0	0	6	7	8	9	8	9	10	11
12	13	14	15	14	15	14	15	14	15	14	15	16	16	16	16	12	13	14	15	14	15	14	15	17	18	19	18	20	16	16	16	16	16	16	16	16	16	16	16	21	22	23	24	25	24	26	27
28	29	28	29	28	29	28	29	28	29	28	29	30	31	30	31	28	29	28	29	28	29	28	29	32	33	34	33	35	36	37	36	37	36	37	36	37	36	37	36	38	39	40	41	42	41	43	44
45	46	47	48	45	46	45	46	45	46	45	46	14	15	14	15	45	46	47	48	45	46	45	46	49	50	51	50	52	18	19	18	19	18	19	18	53	54	55	54	56	23	57	58	59	60	61	62
28	29	63	64	28	29	28	29	28	29	28	29	28	29	28	29	28	29	63	64	28	29	28	29	32	33	34	33	34	33	34	33	34	33	34	33	65	66	67	66	68	69	70	71	40	41	72	11
47	48	68	68	47	48	47	48	47	48	47	48	47	48	47	48	47	48	68	68	47	48	47	48	73	74	75	74	75	74	75	74	75	74	75	74	76	68	68	68	68	77	78	62	77	60	26	27
63	64	79	80	63	64	63	64	63	64	63	64	63	64	63	64	63	64	79	80	63	64	63	64	67	66	67	66	67	66	67	66	67	66	67	66	81	82	68	68	68	69	72	11	40	41	43	44
83	84	85	86	68	68	83	84	83	84	68	68	83	84	68	68	83	84	85	86	68	68	83	84	87	88	68	68	89	88	68	68	68	68	68	68	90	91	68	68	68	69	92	93	69	94	95	27
96	97	98	99	100	100	96	97	96	97	101	100	96	97	101	100	96	97	98	99	100	100	96	97	102	103	104	105	102	103	104	105	105	105	106	107	108	109	110	111	112	113	114	115	116	117	118	44
119	120	121	122	123	123	124	120	124	120	123	123	124	120	123	123	124	120	121	122	123	123	124	120	125	126	127	128	129	126	127	128	128	128	130	131	132	133	134	135	136	137	138	139	140	141	142	128
68	68	68	68	68	68	68	68	68	68	68	68	68	68	68	68	68	68	68	68	68	68	68	68	68	68	68	68	68	68	68	68	68	68	68	68	68	68	68	68	68	68	68	68	68	68	68	68
68	68	68	68	68	68	68	68	68	68	68	68	68	68	68	68	68	68	68	68	68	68	68	68	68	68	68	68	68	68	68	68	68	68	68	68	68	68	68	68	68	68	68	68	68	68	68	68