[TILESHEET]
3	resources\tilesheet3.png	5	5	5
[SPRITES]
17000	64	69	96	77	10
[ANIMATIONS]
#moving platform
701	17000	100
[ANIMATIONS_SETS]
71	701
#BigHeart
41	401
[OBJECTS]
# SIMON
0	374	166	0
# Moving Platform
17	48	80	71
#Dagger
7	570	136	43
# BRICK 
# --- platform (hint: I created the list using Excel!) ----
1	463	112	1	48	16
1	480	0	1	32	110
1	368	80	1	80	16
1	352	96	1	32	48
1	288	112	1	32	16
1	320	144	1	64	16
1	192	80	1	96	16
1	96	80	1	64	16
1	64	112	1	32	16
1	0	80	1	32	16
#Small Candle
2	458	17	2	18	1
2	394	17	2	19	1
2	330	17	2	4	1
2	266	17	2	4	1
2	202	17	2	4	1
2	138	17	2	4	1
2	74	17	2	4	1
#BigHeart
4	352	80	41
#SmallHeart
18	352	80	46
#moneybag
19	352	80	47	1
# STAIR top
# type	l	t	r	b
10	450	80	179	104	-1
# --- SCENE PORTAL ----
# type	l	t	ani_set_id	r	b	scene_id
50	0	48	0	16	80	4
[MAP_INFO]
5	6	512
[MAP]
0	1	2	3	4	5	6	7	1	1	4	5	2	3	1	1	6	7	1	1	2	3	6	7	1	1	1	1	2	3	0	0	8
0	1	9	10	11	12	6	7	1	1	11	12	9	10	1	1	6	7	1	1	9	10	6	7	1	1	1	1	9	10	0	0	8
13	14	4	5	1	1	6	7	15	14	2	3	1	1	1	1	6	7	2	3	1	1	6	7	15	14	2	3	1	1	0	0	8
16	17	11	12	1	1	6	7	18	19	9	10	1	1	1	1	6	7	9	10	1	1	6	7	18	19	9	10	1	1	0	0	8
20	21	1	1	2	3	6	7	18	19	1	1	22	23	22	23	6	7	4	5	1	1	6	7	18	19	22	23	1	1	0	0	8
0	0	1	1	9	10	0	0	0	0	1	1	0	0	0	0	0	0	11	12	1	1	0	0	0	0	0	0	1	1	0	0	8
0	1	1	1	18	19	6	7	0	0	1	1	1	1	0	0	0	1	22	23	15	14	0	0	4	5	15	14	1	1	0	0	8
0	1	1	1	0	0	6	7	0	0	1	1	1	1	0	0	0	1	0	0	18	19	0	0	11	12	18	19	24	0	0	0	8
0	1	2	3	4	5	6	7	0	0	1	1	2	3	0	0	0	1	1	1	18	19	0	0	1	1	25	26	6	7	0	0	8
0	1	9	10	11	12	6	7	0	0	1	1	9	10	0	0	0	1	1	1	0	0	0	0	1	1	26	1	6	7	0	0	8
0	1	15	14	1	1	6	7	0	0	1	1	1	1	0	0	0	1	1	1	1	1	1	1	25	26	1	1	6	7	0	0	8
0	1	18	19	1	1	6	7	0	0	1	1	1	1	0	0	27	1	1	1	1	1	1	1	26	1	1	1	6	7	0	0	8