[TILESHEET]
2	resources\tilesheet2.png	5	5	5
61	resources\BlackKnight.png	116	116	116
62	resources\Brick2.png	255	255	255
63	resources\Bat.png	116	116	116
[SPRITES]
#small
22003	157	1	165	17	10
22004	166	1	174	17	10
#effect
22005	455	123	467	163	0
22006	470	123	482	163	0
22007	485	123	497	163	0
#============ BLACK_KNIGHT ===============
60001	2	19	18	51	61
60002	19	19	35	51	61
60003	36	19	52	51	61
#================= BAT ===================
#idle
60010	57	11	69	25	63
#flying
60011	72	11	88	27	63
60012	89	11	105	27	63
60013	106	11	122	27	63
#============= ITEM_Boomerang ===============
40004	69	19	84	33	10
#============= Boomerang ===============
40005	69	19	84	33	10
40006	53	20	67	33	10
40007	87	19	102	33	10	
#============= Breakable_Brick ===============
40008	0	0	16	32	62
40009	16	0	32	32	62
#============= CrownItem ===============
40010	69	35	84	51	10
40011	86	35	101	51	10
40012	103	35	118	51	10
40013	120	35	135	51	10
#============= Rocks ===============
40014	56	69	63	77	10
[ANIMATIONS]
#================= CANDLE ================
#small
202	22003	150	22004	150
#destroyed
203	22005	100	22006	100	22007	100
================= BAT ===================
#idle
661	60010	100
#flying
662	60011	100	60012	100	60013	100
# Big Heart
401	40001	100
#============ BLACK_KNIGHT ===============
660	60001	100	60002	100	60003	100
#============ ITEM_Boomerang ===============
404	40004	100
#============ Boomerang ===============
405	40005	100	40006	100	40007	100
#============ Breakable_Brick ===============
408	40008	100
409	40009	100
#============ Crown_Item ===============
410	40010	10	40011	10	40012	10	40013	10
#============= Rocks ===============
411	40014	100
[ANIMATIONS_SETS]
# BRICK 
1	601
#BigHeart
41	401
#BLACK KNIGHT
5	660
#BAT
6	661	662
# CANDLE
2	201	202	203
#Boomerang
44	404	405
#breakable_brick
48	408	409
#Crown_Item
49	410
#Rocks
50	411
[OBJECTS]
# type	x	y	ani_set_id	extra_settings per object type
# type: 0 = Simon , 1 = Brick, 2 = Candle, 3= Whip, 4= Items_BigHeart, 5 = Items_Chain, 6 = Items_Dagger, 7 = Dagger
# 8 = Black Knight

# SIMON
0	10	120	0
#Breakable brick
13	224	80	48
13	128	176	48
# BRICK 
# --- platform (hint: I created the list using Excel!) ----
1	0	176	1	224	16
1	0	128	1	16	48
1	224	128	1	16	48
1	0	80	1	160	16
1	175	112	1	80	16
1	224	0	1	16	80
1	240	0	1	16	112
#crown
14	130	178	49
#Small candle	extra1: item, extra 2: state
2	76	116	2	11	1
2	206	116	2	4	1
2	140	20	2	1	1
#BigHeart
4	206	116	41
#Dagger
7	570	136	43
#Boomerang Item
11	76	116	44
#Boomerang
12	76	116	44
#Black Knight
8	74	48	5
#rocks
15	224	80	50
15	224	80	50
15	224	80	50
15	224	80	50
#Bat
16	40	20	6
# STAIR bottom
# type	l	t	r	b	direction
#9	94	162	126	170	1
9	94	162	1
9	62	66	1
# STAIR top
# type	l	t	r
10	178	78	-1
# --- SCENE PORTAL ----
# type	l	t	ani_set_id	r	b	scene_id
50	160	0	0	180	10	3
[MAP_INFO]
4	6	256
[MAP]
0	1	2	3	1	1	1	1	4	5	6	7	2	3	0	0
0	1	2	3	1	1	1	1	5	1	8	9	2	3	0	0
0	1	2	3	1	1	4	5	1	1	10	11	2	3	0	0
0	1	2	3	1	1	5	1	1	1	12	13	2	3	0	0
0	0	2	3	4	5	8	9	14	15	1	1	2	3	0	0
0	0	0	0	0	0	0	0	0	0	1	1	2	3	-1	0
0	0	2	3	10	11	1	1	1	1	1	1	2	3	-1	0
0	0	2	3	12	13	1	1	1	1	16	0	0	0	0	0
17	7	2	3	1	1	1	1	4	5	1	1	6	7	0	0
18	19	2	3	1	1	1	1	5	1	1	1	8	9	0	0
20	21	2	3	8	9	4	5	14	15	14	15	8	9	0	0
0	0	0	0	0	0	0	0	0	0	0	0	0	0	0	0