[TILESHEET]
6	resources\tilesheet6.png	5	5	5
[OBJECTS]
# BRICK 
# --- platform (hint: I created the list using Excel!) ----
1	0	80	1	112	16
1	128	112	1	176	16
1	0	176	1	768	16
1	672	144	1	32	16
1	720	112	1	48	16
1	760	128	1	8	48
# SIMON
0	0	49	0
# STAIR bottom
# type	x	y	direction
9	152	98	-1
9	376	162	-1
9	664	130	1
# STAIR top
# type	x	y	direction
10	118	44	1
10	310	76	1
10	722	78	-1
# --- SCENE PORTAL ----
# type	l	t	ani_set_id	r	b	scene_id
50	760	64	0	770	112	1
[MAP_INFO]
8	10
[MAP]
0	1	0	1	2	3	4	5	0	1	2	3	6	7	0	1	2	3	8	9	10	11	12	13	0	1	14	15	2	3	12	13	0	1	14	15	2	3	12	13	0	1	16	17	6	7	18	19	20
21	22	21	22	23	24	25	26	21	22	23	24	27	28	21	22	23	24	29	30	31	32	33	34	21	22	35	36	23	24	33	34	21	22	35	36	23	24	33	34	21	22	8	37	27	28	38	19	20
0	1	4	5	23	24	0	1	0	1	23	24	39	39	0	1	23	24	40	41	4	5	0	1	2	3	14	15	23	24	12	13	2	3	14	15	23	24	12	13	2	3	8	9	39	39	18	19	20
21	22	25	26	23	24	21	22	21	22	23	24	39	39	21	22	23	24	42	43	25	26	21	22	23	24	35	36	23	24	33	34	23	24	35	36	23	24	33	34	23	24	29	30	39	39	38	19	20
44	45	46	46	46	46	47	48	49	50	23	24	39	39	0	1	23	24	51	52	0	1	0	1	23	24	0	1	23	24	0	1	23	24	0	1	23	24	6	7	23	24	51	52	39	39	53	54	20
55	55	55	55	55	55	55	56	57	58	23	24	39	39	21	22	23	24	59	60	21	22	21	22	23	24	21	22	23	24	21	22	23	24	21	22	23	24	27	28	23	24	59	60	39	39	53	61	20
8	9	0	1	2	3	10	11	56	62	46	46	44	45	46	46	46	46	47	48	49	50	0	1	23	24	0	1	23	24	0	1	23	24	0	1	23	24	4	5	23	24	63	64	65	66	53	67	20
29	30	21	22	23	24	31	32	55	55	55	55	55	55	55	55	55	55	55	56	57	58	21	22	23	24	21	22	23	24	21	22	23	24	21	22	23	24	25	26	23	24	68	65	69	55	55	55	20
51	52	0	1	23	24	0	1	6	7	23	24	4	5	23	24	4	5	10	11	56	57	49	50	23	24	0	1	23	24	0	1	23	24	0	1	23	24	0	1	23	24	70	69	71	72	18	19	20
59	60	21	22	23	24	21	22	27	28	23	24	25	26	23	24	25	26	31	32	73	56	57	58	23	24	21	22	23	24	21	22	23	24	21	22	23	24	21	22	23	24	55	55	74	75	38	19	20
44	45	44	45	76	77	44	45	44	45	76	77	44	45	76	77	44	45	44	45	44	45	56	62	76	77	44	45	76	77	44	45	76	77	44	45	76	77	44	45	76	77	44	45	44	45	78	19	20
55	55	55	55	55	55	55	55	55	55	55	55	55	55	55	55	55	55	55	55	55	55	55	55	55	55	55	55	55	55	55	55	55	55	55	55	55	55	55	55	55	55	55	55	55	55	55	55	20