[TILESHEET]
4	resources\tilesheet4.png	5	5	5
[OBJECTS]
# SIMON
0	736	116	0
#Dagger
7	570	136	43
#BigHeart
4	352	80	41
#Small Candle
2	731	126	2	4	1
2	667	142	2	4	1
2	603	142	2	4	1
2	539	142	2	4	1
2	475	142	2	4	1
2	411	142	2	4	1
2	347	142	2	4	1
2	283	142	2	4	1
2	219	142	2	4	1
2	155	62	2	4	1
2	91	126	2	4	1
# BRICK 
# --- platform (hint: I created the list using Excel!) ----
1	0	176	1	768	16
1	64	160	1	64	16
1	64	160	1	64	16
1	672	160	1	96	16
1	0	128	1	64	16
1	96	96	1	96	16
# STAIR bottom
# type	x	y	direction
9	166	82	-1
# --- SCENE PORTAL ----
# type	l	t	ani_set_id	r	b	scene_id
50	48	0	0	64	10	5

#map_width	#offset_y
[MAP_INFO]
10	11	768
[MAP]
0	0	1	2	3	4	5	5	6	7	5	5	8	9	10	11	1	2	1	2	1	2	1	2	12	12	12	12	1	2	12	12	1	2	1	2	12	12	1	2	12	12	1	2	13	14	15	16
0	0	17	18	19	20	21	5	22	23	5	5	8	9	24	25	17	18	26	27	28	29	17	18	30	5	31	32	28	29	33	34	17	18	26	27	35	33	36	37	31	32	28	29	38	39	15	16
0	0	40	41	5	5	3	4	5	5	5	5	8	9	42	43	40	41	13	14	44	45	40	41	6	7	13	14	44	45	10	11	40	41	13	14	44	45	6	7	13	14	44	45	46	47	15	16
0	0	48	37	5	5	19	20	21	5	30	5	8	9	49	50	51	37	38	39	39	52	51	37	53	54	38	39	55	56	24	25	48	37	38	39	39	52	53	54	38	39	39	52	57	58	15	16
0	0	5	5	5	5	5	5	3	4	6	7	8	9	40	41	6	7	59	39	60	61	6	7	40	41	62	39	63	64	42	43	5	5	62	39	65	39	40	41	59	39	60	61	40	41	15	16
0	0	30	5	5	5	66	66	67	68	69	70	8	9	71	72	53	54	73	74	75	76	53	54	51	37	77	39	78	78	49	50	5	5	77	39	79	39	51	37	73	74	80	64	48	37	81	82
0	0	6	7	5	5	1	2	1	2	1	2	8	9	46	47	40	41	46	47	63	64	40	41	6	7	83	39	78	78	40	41	5	5	83	39	83	39	6	7	59	39	78	78	5	5	0	84
0	0	69	70	5	5	36	37	85	37	17	18	8	9	57	58	51	37	86	87	88	88	48	37	22	23	89	59	88	88	51	37	5	5	90	91	90	91	53	54	92	93	94	94	5	5	78	95
0	0	1	2	5	5	6	7	5	5	40	41	8	9	40	41	6	7	1	2	40	41	5	5	5	5	1	2	40	41	6	7	5	5	40	41	40	41	40	41	40	41	5	5	5	5	78	96
0	0	85	37	66	66	69	70	5	5	48	37	8	9	48	37	22	23	85	37	48	37	5	5	5	5	85	37	48	37	22	23	5	5	48	37	48	37	48	37	48	37	66	66	66	66	78	97
0	0	5	5	1	2	1	2	66	66	66	66	98	99	66	66	66	66	66	66	66	66	66	66	66	66	66	66	66	66	66	66	66	66	66	66	66	66	66	66	66	66	0	0	0	0	0	0
100	100	101	101	102	103	102	103	100	100	100	100	100	100	100	100	100	100	100	100	100	100	100	100	100	100	100	100	100	100	100	100	100	100	100	100	100	100	100	100	100	100	100	100	100	100	100	100
