[TILESHEET]
5	resources\tilesheet5.png	5	5	5
[SPRITES]
#============ RAVEN ====================
10014	277	78	293	90	40
10015	294	75	310	91	40
10016	312	75	327	90	40
10017	328	76	343	91	40
[ANIMATIONS]
#raven
#idle
107	10014	100
#flying
108	10015	100	10016	100	10017	100
109	10015	100	10016	100	10017	100
110	10015	100	10016	100	10017	100
[ANIMATIONS_SETS]
#raven
107	107	108	109	110
[OBJECTS]
# BRICK 
# --- platform (hint: I created the list using Excel!) ----
1	2	160	1	64	32
1	130	95	1	32	32	
1	162	159	1	160	16	
1	226	95	1	32	16
1	354	159	1	32	16
1	418	127	1	32	16
1	450	159	1	32	16
1	482	111	1	32	16
1	482	175	1	64	16
1	546	95	1	32	16
1	610	159	1	64	16
1	674	143	1	32	16
1	706	111	1	32	16
1	738	127	1	32	16
# SIMON
0	90	160	0
#0	32	110	0
#raven
29	274	32	107	-1	
#Dagger
7	570	136	43
#BigHeart
4	352	80	41
#Skeleton
30	641	122	105	-1
#Small Candle
2	156	62	2	4	1
2	220	126	2	4	1
2	284	126	2	4	1
2	348	126	2	4	1
2	476	94	2	4	1
2	540	142	2	4	1
2	604	142	2	4	1
2	668	126	2	4	1
#holywaterweapon
23	0	0	54
#axeWeapon
24	0	0	55
#Boomerang
12	0	0	44
#Dagger 
7	0	0	43
# STAIR bottom
# type	x	y	direction
9	42	146	1
9	364	146	1
9	648	146	-1
# STAIR top
# type	x	y	direction
10	132	61	-1
10	420	93	-1
10	584	59	1
10	72	124	1
# --- SCENE PORTAL ----
# type	l	t	ani_set_id	r	b	scene_id
50	762	96	0	770	112	6
[MAP_INFO]
14	16	768
[MAP]
0	1	2	3	4	5	5	5	6	3	7	8	8	8	8	8	8	8	8	8	8	8	8	8	8	8	8	8	8	8	8	8	8	8	8	8	8	8	8	8	8	8	8	8	8	8	9	1	10
0	1	11	12	13	5	14	5	15	12	16	8	8	8	8	8	17	18	17	18	8	8	8	8	8	8	8	8	8	8	8	8	8	8	8	8	8	8	8	8	8	8	17	18	17	18	9	1	10
0	1	19	5	5	5	20	21	22	5	23	8	8	8	8	8	24	25	24	25	8	8	8	8	8	8	8	8	26	27	28	8	8	8	8	8	8	8	8	8	29	30	24	25	24	25	9	1	10
0	1	19	5	5	5	31	32	33	5	23	8	8	8	8	8	34	35	36	37	38	8	8	8	8	8	8	8	39	40	41	18	17	18	17	18	17	18	42	43	44	45	46	5	47	5	48	1	10
0	1	19	5	5	5	6	3	4	5	23	8	8	8	26	27	49	50	51	52	53	27	28	8	8	8	8	8	54	55	56	25	24	25	24	25	24	25	57	58	59	60	61	21	22	5	48	62	10
0	1	19	5	14	5	15	63	64	65	66	8	67	68	69	70	71	8	8	72	73	74	75	8	8	8	17	18	76	77	47	5	5	5	78	65	79	80	81	82	83	84	85	86	87	5	88	89	90
0	1	19	5	20	21	91	55	92	1	93	8	94	52	95	96	97	8	8	8	24	5	98	27	99	27	100	25	101	102	103	65	80	5	104	105	106	107	108	3	109	21	22	5	78	65	110	111	90
0	1	19	5	112	113	114	115	116	96	117	43	42	118	119	5	120	121	122	123	124	5	125	74	126	40	127	65	128	129	130	131	132	5	133	134	135	136	137	138	139	86	87	5	140	105	141	142	90
0	1	19	5	143	55	56	5	5	5	144	58	145	58	146	21	147	3	148	3	4	5	5	5	143	55	149	105	2	3	150	27	100	5	151	50	51	52	152	107	80	5	78	65	108	3	153	1	10
0	1	154	65	155	156	157	5	158	5	159	60	60	60	160	161	162	163	164	163	165	166	78	65	167	115	168	169	170	163	171	74	172	5	173	8	8	72	174	175	176	65	177	96	178	12	179	1	10
0	1	1	1	180	181	182	21	183	21	184	96	185	105	186	105	186	105	187	96	188	27	189	105	19	5	190	8	191	105	154	65	65	65	192	8	26	27	189	105	186	105	19	5	5	5	48	1	10
193	194	194	194	195	196	197	198	199	198	200	201	202	203	204	203	204	203	205	201	206	207	208	203	205	201	209	210	211	203	212	194	194	194	213	210	214	207	208	203	204	203	205	201	201	201	215	194	216